# Created by Octave 6.4.0, Thu Feb 10 17:51:14 2022 -03 <matias@matias-Q550LF>
# name: A
# type: matrix
# rows: 9
# columns: 3
 -5 2.9498199260910103 5.3657000103150549
 -4 2.9498190403012132 5.365699456753104
 -3 2.9497309382563661 5.3656443981912796
 -2 2.9383082911273943 5.3603773733807705
 -1 2.5241882339049657 5.1186550017821206
 0 1.1332885933097363 4.0474084981951179
 1 0.37250958209893847 3.1547178089391927
 2 0.11795420843391057 2.7973240800178543
 3 0.037301183369028428 2.703859786153143


