# Created by Octave 6.4.0, Fri Feb 11 17:53:32 2022 -03 <matias@matias-Q550LF>
# name: A
# type: matrix
# rows: 9
# columns: 3
 -5 5.3649358907991527 2.9470022078920604
 -4 5.3649319762401673 2.9470013907493815
 -3 5.3645407561005181 2.9469192722020314
 -2 5.3357878068966533 2.9364026053456285
 -1 4.1668439984276668 2.6072229263351661
 0 1.7493396959129139 1.6056712717330286
 1 0.59186190379500991 0.88354082132836897
 2 0.19076972999342592 0.5004480108705408
 3 0.007644388734864286 0.069647560347019979


