# Created by Octave 6.4.0, Thu Feb 10 18:41:47 2022 -03 <matias@matias-Q550LF>
# name: A
# type: matrix
# rows: 9
# columns: 3
 -5 0.69859952364230182 0.69859724935004319
 -4 0.69859951819445099 0.6985972459636719
 -3 0.69859925985332472 0.69859716679462069
 -2 0.69857326019134625 0.69858903909987202
 -1 0.69595499932332072 0.6976725332174174
 0 0.60592338188873762 0.67056669014887571
 1 0.30693334695858832 0.53891791235134601
 2 0.11131303121005554 0.36728795252549401
 3 0.036645187008441799 0.24311220852580454


